function dydt = erk(t,y)
k1 = 0.53;
k2 = 0.0072;
k3 = 0.625;
k4 = 0.00245;
k5 = 0.0315;
k6 = 0.8;
k7 = 0.0075;
k8 = 0.071;
k9 = 0.92;
k10 = 0.00122;
k11 = 0.87;
dydt = [-k1*y(1)*y(2)+k2*y(3)+k5*y(4);
-k1*y(1)*y(2)+k2*y(3)+k11*y(11);
k1*y(1)*y(2)-k2*y(3)-k3*y(3)*y(9)+k4*y(4);
k3*y(3)*y(9)-k4*y(4)-k5*y(4);
k5*y(4)-k6*y(5)*y(7)+k7*y(8);
k5*y(4)-k9*y(6)*y(10)+k10*y(11);
-k6*y(5)*y(7)+k7*y(8)+k8*y(8);
k6*y(5)*y(7)-k7*y(8)-k8*y(8);
-k3*y(3)*y(9)+k4*y(4)+k8*y(8);
-k9*y(6)*y(10)+k10*y(11)+k11*y(11);
k9*y(6)*y(10)-k10*y(11)-k11*y(11);
];